PhokharaEvtgenGenerate_py=29.031790733337402
PhokharaEvtgenAnalyze_py=6.007540941238403
PhokharaEvtgenPlot_py=3.0035898685455322
