PhokharaEvtgenGenerate_py=28.03318476676941
PhokharaEvtgenAnalyze_py=6.006969928741455
PhokharaEvtgenPlot_py=3.00388765335083
