PhokharaEvtgenGenerate_py=28.03341031074524
PhokharaEvtgenAnalyze_py=5.005405426025391
PhokharaEvtgenPlot_py=3.0036191940307617
