PhokharaEvtgenGenerate_py=28.032066583633423
PhokharaEvtgenAnalyze_py=6.00692343711853
PhokharaEvtgenPlot_py=3.0037004947662354
