PhokharaEvtgenGenerate_py=29.032827615737915
PhokharaEvtgenAnalyze_py=6.007476806640625
PhokharaEvtgenPlot_py=3.003854990005493
